85215   94333
24582   34558
98037   94333
75786   66247
45656   85863
70998   87003
30367   62007
81780   23161
90260   65786
24710   86514
14018   34310
43565   47888
59781   79173
47761   71538
85892   22181
25701   61839
18264   33438
33747   43258
39697   94333
61838   37358
70437   22496
23562   26799
11216   34419
63191   11393
88615   31544
93481   62720
29534   40919
29935   18758
95190   87857
51306   33515
30938   29652
77253   30646
66807   67041
75203   67041
15696   61800
73541   29496
52063   51002
55826   40919
79183   35633
77348   44025
65423   33750
65816   10624
52110   89611
18201   22051
27748   66807
92259   42784
14988   33500
58623   64359
88260   90432
62079   77685
45698   40919
91705   64359
53661   73356
93541   28465
76689   96938
60498   93056
25784   65786
32811   24732
62264   72520
41995   43258
38545   84426
19555   72520
73703   78074
86068   72520
25850   87009
49433   10684
74291   61839
40711   10516
37728   82526
80842   40919
24677   23062
29575   52605
20692   77673
82910   68845
33830   62419
68434   73604
62401   84426
82646   70854
38398   56339
79408   51171
63734   27770
13556   24577
75123   37015
61363   69734
95609   86251
88545   27770
50893   74026
14882   87009
91379   33438
60224   52605
72679   47888
75505   59781
10186   62720
88379   64359
90496   67041
73586   93056
95670   63191
87141   59781
13919   74934
98555   74846
87897   32687
21880   62687
29658   50213
96248   83521
15492   86906
29496   53112
25334   27594
20643   86251
56611   39477
29416   24577
74832   63164
43193   43258
81875   75725
61800   61927
24065   94333
83853   31467
17180   10130
43720   37354
65647   45425
51476   10461
57574   93056
31072   83739
75113   19490
79797   26799
72214   11294
13116   48228
93787   33438
46134   19254
40985   28931
25988   11393
23062   59151
79383   11393
75339   89198
79708   29496
13058   61839
16278   45698
80414   14142
16351   40919
54813   43258
81250   87434
50921   61839
53645   43258
70432   22523
81070   32306
38985   31359
19798   99501
92509   43258
25063   66000
44665   33438
64806   93056
74946   26300
48029   30646
77560   83292
82468   95064
29223   71914
87584   63191
93056   26799
55648   29949
14352   48844
49873   34111
56227   45698
67703   63191
68135   30646
44722   90812
65476   78955
82704   47888
50424   23079
51796   70111
85079   22013
61910   66098
84132   89544
47927   62720
61766   78856
38484   42757
57255   93056
48855   78836
73127   78836
21236   61839
15138   94333
26829   65786
48823   93140
28401   63191
75082   42757
41215   26799
67176   19254
13673   78836
53842   26386
41964   59781
46737   21097
52719   29652
20212   76559
89201   82291
98568   63191
55425   93322
69878   63283
36501   27429
16724   47888
61592   81085
41114   93056
44198   47888
47061   86251
45289   56992
47597   15576
18834   66807
31018   40919
40775   78266
25185   76021
48462   64359
26799   32811
37199   19555
94411   77560
45846   48696
16862   77508
77988   94333
89121   66807
41240   94333
88088   59151
52125   29652
12932   13054
61211   28578
26024   87009
26312   55718
14585   45698
65939   91730
68138   59781
70317   78836
83217   78836
22036   26799
63215   66807
54110   21264
12981   33069
61857   29652
54637   94333
15241   93056
19897   33438
77229   86251
55685   37316
30161   66807
61780   14101
19289   17661
48121   51324
99355   72435
62767   32811
98670   19490
85332   31012
92588   18461
67574   94379
90643   66607
95487   66807
33530   46429
87009   23062
61978   27770
53891   19254
64426   58297
70651   61800
40653   40474
45888   33438
55241   44527
11126   42398
92609   93056
21760   22129
72079   51542
41177   26196
67610   68036
62720   45698
38295   64359
69482   93056
24219   66807
69511   45698
30242   24577
46626   18573
36316   80909
40214   72520
16785   10921
27770   11393
70571   43258
50406   30875
76411   98707
75186   77560
80536   11587
74209   78836
20188   72520
30587   57435
44135   58144
29251   46185
73362   45698
52443   53860
61094   46357
12167   47231
51846   62720
75168   23761
97509   65786 
